152 0.742893
216 0.844589
280 0.819158
408 0.835309
536 0.842214
792 0.854926
1048 0.857885
1560 0.897599
2072 0.888457
3096 0.895194
4120 0.887622
6168 0.832837
8216 0.871426
12312 0.856527
16408 0.868089
24600 0.883796
32792 0.875753
49176 0.896501
65560 0.912453
98328 0.889002
131096 0.928534
196632 0.897502
262168 0.931628
393240 0.907905
524312 0.916457
786456 0.914334
1048600 1.00333
1572888 1.90137
2097176 2.5533
3145752 2.77849
4194328 2.97204
6291480 2.96782
8388632 3.15669
12582936 3.20062
16777240 3.22412
25165848 3.16497
33554456 3.22652
50331672 3.3825
67108888 3.22407
100663320 3.08378
125269872 2.07384
