152 0.876389
216 0.86638
280 0.833086
408 0.81107
536 0.791924
792 0.807206
1048 0.801345
1560 0.866171
2072 0.878654
3096 0.815325
4120 0.811673
6168 0.86691
8216 0.82852
12312 0.866394
16408 0.858395
24600 0.767064
32792 0.863429
49176 0.896548
65560 0.873384
98328 0.890394
131096 0.874217
196632 0.89714
262168 0.914112
393240 0.910625
524312 0.869919
786456 0.892127
1048600 1.07739
1572888 1.97267
2097176 2.51633
3145752 2.84507
4194328 3.03422
6291480 3.02219
8388632 3.13201
12582936 3.33476
16777240 3.25922
25165848 3.32571
33554456 3.34983
50331672 3.22022
67108888 3.1816
100663320 3.15225
125269872 2.11022
