152 2.95068
216 1.98091
280 2.75392
408 2.68575
536 2.67437
792 2.62607
1048 2.6204
1560 2.63545
2072 2.61843
3096 2.60034
4120 2.59451
6168 2.58656
8216 2.60094
12312 2.66233
16408 2.7421
24600 2.84794
32792 3.01162
49176 3.27688
65560 3.37429
98328 3.54974
131096 3.60714
196632 4.01198
262168 4.33731
393240 11.8556
524312 12.8684
786456 15.1313
1048600 15.6858
1572888 19.0181
2097176 16.2352
3145752 16.1713
4194328 18.0154
6291480 16.1403
8388632 20.0557
12582936 16.9256
16777240 16.0939
25165848 15.4354
33554456 17.0931
50331672 16.218
67108888 16.4948
100663320 14.2897
125269872 
