152 0.151981
216 0.102989
280 0.157572
408 0.154695
536 0.154727
792 0.161678
1048 0.162434
1560 0.156959
2072 0.158959
3096 0.167621
4120 0.167603
6168 0.1678
8216 0.169112
12312 0.174204
16408 0.176723
24600 0.191317
32792 0.19558
49176 0.198769
65560 0.200812
98328 0.203389
131096 0.211088
196632 0.222112
262168 0.229392
393240 0.231225
524312 0.237169
786456 0.288232
1048600 0.402279
1572888 0.923014
2097176 1.20979
3145752 1.34928
4194328 1.39312
6291480 1.44148
8388632 1.6067
12582936 1.81077
16777240 1.77386
25165848 1.8656
33554456 1.53268
50331672 2.02323
67108888 1.51018
100663320 1.36654
125269872 0.952554
