152 0.140927
216 0.0971159
280 0.147714
408 0.144203
536 0.139838
792 0.15192
1048 0.154412
1560 0.154261
2072 0.157237
3096 0.157479
4120 0.160912
6168 0.160267
8216 0.162746
12312 0.163416
16408 0.169412
24600 0.187056
32792 0.192693
49176 0.194998
65560 0.197067
98328 0.201742
131096 0.20326
196632 0.206571
262168 0.218642
393240 0.219924
524312 0.23019
786456 0.258872
1048600 0.417071
1572888 0.924186
2097176 1.32864
3145752 1.4421
4194328 1.59834
6291480 1.62618
8388632 1.7353
12582936 1.79831
16777240 1.89002
25165848 2.01213
33554456 1.64661
50331672 2.23369
67108888 1.63031
100663320 1.47031
125269872 1.12105
