152 0.134762
216 0.0933859
280 0.14069
408 0.146069
536 0.149733
792 0.152757
1048 0.154963
1560 0.154517
2072 0.154702
3096 0.15583
4120 0.158172
6168 0.161954
8216 0.16043
12312 0.163827
16408 0.168931
24600 0.186425
32792 0.190667
49176 0.191663
65560 0.195762
98328 0.198666
131096 0.203652
196632 0.21133
262168 0.214821
393240 0.21275
524312 0.221442
786456 0.246132
1048600 0.333754
1572888 0.867265
2097176 1.13194
3145752 1.31986
4194328 1.31847
6291480 1.35868
8388632 1.49043
12582936 1.58389
16777240 1.64956
25165848 1.74184
33554456 1.43717
50331672 1.90277
67108888 1.37971
100663320 1.20801
125269872 1.11786
