152 0.14331
216 0.100273
280 0.156936
408 0.159352
536 0.160127
792 0.162657
1048 0.16285
1560 0.160818
2072 0.162919
3096 0.163742
4120 0.163738
6168 0.162518
8216 0.166164
12312 0.169529
16408 0.172151
24600 0.19167
32792 0.196821
49176 0.198782
65560 0.200142
98328 0.202919
131096 0.205613
196632 0.214589
262168 0.214949
393240 0.220756
524312 0.222109
786456 0.247163
1048600 0.301288
1572888 0.832395
2097176 1.10655
3145752 1.31142
4194328 1.32966
6291480 1.36214
8388632 1.49156
12582936 1.56115
16777240 1.6175
25165848 1.73304
33554456 1.50305
50331672 2.01047
67108888 1.44606
100663320 1.38754
125269872 1.07952
