152 0.15759
216 0.106256
280 0.148663
408 0.145226
536 0.148442
792 0.144228
1048 0.142506
1560 0.142571
2072 0.143618
3096 0.146152
4120 0.147018
6168 0.14653
8216 0.149058
12312 0.150193
16408 0.157962
24600 0.175878
32792 0.181994
49176 0.185684
65560 0.183217
98328 0.194285
131096 0.197054
196632 0.202257
262168 0.205966
393240 0.203784
524312 0.211245
786456 0.246721
1048600 0.359599
1572888 0.886061
2097176 1.18701
3145752 1.36028
4194328 1.49015
6291480 1.55877
8388632 1.71009
12582936 1.90273
16777240 1.90692
25165848 2.02186
33554456 1.64642
50331672 2.21222
67108888 1.72487
100663320 1.43821
125269872 1.06837
