152 0.130723
216 0.0903293
280 0.135521
408 0.129415
536 0.129358
792 0.126411
1048 0.128218
1560 0.12937
2072 0.137939
3096 0.135607
4120 0.140658
6168 0.138805
8216 0.138318
12312 0.143381
16408 0.148646
24600 0.165928
32792 0.175876
49176 0.178764
65560 0.1818
98328 0.186117
131096 0.18819
196632 0.192454
262168 0.198116
393240 0.203256
524312 0.204747
786456 0.231302
1048600 0.329878
1572888 0.965309
2097176 1.22321
3145752 1.44937
4194328 1.54113
6291480 1.6062
8388632 1.73446
12582936 1.8188
16777240 1.99114
25165848 2.04545
33554456 1.7654
50331672 2.17829
67108888 1.53982
100663320 1.43932
125269872 1.06231
