152 2.35032
216 1.56757
280 2.24019
408 2.2053
536 2.19295
792 2.17528
1048 2.17351
1560 2.20907
2072 2.19393
3096 2.18068
4120 2.17033
6168 2.16474
8216 2.63961
12312 2.72561
16408 2.73374
24600 2.70447
32792 3.32263
49176 3.57927
65560 4.1425
98328 4.74897
131096 3.57261
196632 3.48989
262168 4.58795
393240 12.1698
524312 14.7221
786456 16.9764
1048600 17.2015
1572888 17.6576
2097176 17.7212
3145752 18.4886
4194328 17.4934
6291480 17.1334
8388632 16.7973
12582936 16.102
16777240 17.4509
25165848 17.5657
33554456 20.4242
50331672 16.853
67108888 14.0568
100663320 11.9318
125269872 
