152 2.69156
216 1.79405
280 2.58994
408 2.5571
536 2.55692
792 2.53878
1048 2.53983
1560 2.59435
2072 2.60146
3096 2.60508
4120 2.63621
6168 2.66496
8216 2.68596
12312 2.72054
16408 2.74982
24600 2.77762
32792 2.85234
49176 3.21581
65560 3.22359
98328 3.35311
131096 3.45508
196632 3.99912
262168 4.45382
393240 13.6035
524312 14.8579
786456 17.296
1048600 17.0198
1572888 18.5428
2097176 18.3243
3145752 18.7317
4194328 17.1843
6291480 17.0892
8388632 15.4584
12582936 18.5579
16777240 17.8837
25165848 18.969
33554456 17.7863
50331672 17.6148
67108888 14.0811
100663320 11.6653
125269872 
