152 0.339544
216 0.315953
280 0.249725
408 0.214891
536 0.214547
792 0.196766
1048 0.190096
1560 0.181182
2072 0.174488
3096 0.178668
4120 0.184353
6168 0.175254
8216 0.183378
12312 0.175789
16408 0.189115
24600 0.248106
32792 0.262607
49176 0.272319
65560 0.265113
98328 0.277221
131096 0.289908
196632 0.320623
262168 0.346141
393240 0.361671
524312 0.34778
786456 0.382553
1048600 0.396429
1572888 1.53542
2097176 2.29174
3145752 2.8214
4194328 3.01601
6291480 3.09448
8388632 3.08798
12582936 3.14399
16777240 3.18056
25165848 3.27726
33554456 3.17874
50331672 3.2226
67108888 3.1372
100663320 2.79818
125269872 1.9648
