152 0.277526
216 0.263908
280 0.222887
408 0.199178
536 0.185596
792 0.18793
1048 0.178661
1560 0.175342
2072 0.165679
3096 0.168366
4120 0.164155
6168 0.16651
8216 0.178258
12312 0.165775
16408 0.168152
24600 0.222757
32792 0.252165
49176 0.252522
65560 0.26301
98328 0.269772
131096 0.277075
196632 0.297652
262168 0.283196
393240 0.349822
524312 0.350566
786456 0.367399
1048600 0.378252
1572888 1.52141
2097176 2.42449
3145752 2.88266
4194328 2.96972
6291480 3.06195
8388632 3.07028
12582936 3.09974
16777240 3.05653
25165848 3.14619
33554456 3.12742
50331672 3.12506
67108888 3.12133
100663320 2.78441
125269872 1.96747
