152 0.411263
216 0.366358
280 0.266177
408 0.247361
536 0.223627
792 0.204362
1048 0.196146
1560 0.185656
2072 0.174278
3096 0.183785
4120 0.179521
6168 0.182484
8216 0.177714
12312 0.181489
16408 0.191257
24600 0.245995
32792 0.258643
49176 0.263731
65560 0.268735
98328 0.264864
131096 0.294426
196632 0.299423
262168 0.330774
393240 0.34701
524312 0.356038
786456 0.398324
1048600 0.419125
1572888 1.92563
2097176 2.13472
3145752 2.60256
4194328 3.07232
6291480 3.16861
8388632 3.21103
12582936 3.16851
16777240 3.24497
25165848 3.34955
33554456 3.13886
50331672 3.12213
67108888 3.09634
100663320 3.24421
125269872 2.13794
