152 0.370964
216 0.30997
280 0.227482
408 0.211717
536 0.202067
792 0.176343
1048 0.170076
1560 0.172046
2072 0.166757
3096 0.163452
4120 0.17171
6168 0.174389
8216 0.170383
12312 0.174616
16408 0.180799
24600 0.227469
32792 0.22694
49176 0.241369
65560 0.25755
98328 0.263878
131096 0.273841
196632 0.306444
262168 0.32808
393240 0.343503
524312 0.359278
786456 0.379261
1048600 0.479184
1572888 1.79301
2097176 2.27063
3145752 2.75688
4194328 2.97044
6291480 3.06564
8388632 3.09347
12582936 3.04517
16777240 3.1237
25165848 3.15936
33554456 3.18527
50331672 3.21648
67108888 3.20466
100663320 3.21682
125269872 2.10699
