152 0.303959
216 0.278826
280 0.230715
408 0.212002
536 0.203309
792 0.197626
1048 0.182976
1560 0.180809
2072 0.174484
3096 0.175353
4120 0.189715
6168 0.174699
8216 0.185631
12312 0.178351
16408 0.181017
24600 0.240075
32792 0.243168
49176 0.258211
65560 0.265132
98328 0.273927
131096 0.285836
196632 0.3066
262168 0.331237
393240 0.348208
524312 0.35624
786456 0.389382
1048600 0.357986
1572888 1.61622
2097176 2.17993
3145752 2.48042
4194328 2.67542
6291480 2.79236
8388632 2.80676
12582936 2.92454
16777240 3.03352
25165848 2.99934
33554456 3.02429
50331672 3.04205
67108888 2.88707
100663320 2.84389
125269872 2.07939
