152 0.311659
216 0.303551
280 0.240798
408 0.221597
536 0.209298
792 0.194176
1048 0.188125
1560 0.185475
2072 0.17993
3096 0.182831
4120 0.177705
6168 0.179165
8216 0.176339
12312 0.180755
16408 0.182764
24600 0.244002
32792 0.26274
49176 0.263525
65560 0.265613
98328 0.278686
131096 0.295291
196632 0.323019
262168 0.341159
393240 0.354569
524312 0.368896
786456 0.409589
1048600 0.377741
1572888 1.59773
2097176 2.1422
3145752 2.46349
4194328 2.65838
6291480 2.78662
8388632 2.86196
12582936 2.893
16777240 2.88697
25165848 2.92463
33554456 2.93211
50331672 2.87047
67108888 2.80853
100663320 2.60954
125269872 1.7463
