152 0.703739
216 0.620774
280 0.599426
408 0.547087
536 0.60768
792 0.565247
1048 0.557234
1560 0.600522
2072 0.619902
3096 0.627362
4120 0.627532
6168 0.60814
8216 0.601666
12312 0.558586
16408 0.612755
24600 0.561753
32792 0.632443
49176 0.605366
65560 0.590084
98328 0.610364
131096 0.606728
196632 0.617015
262168 0.623326
393240 0.618044
524312 0.584682
786456 0.620897
1048600 0.877583
1572888 2.07783
2097176 2.63174
3145752 2.81691
4194328 2.97556
6291480 3.07425
8388632 2.91401
12582936 2.92606
16777240 3.07536
25165848 3.13491
33554456 3.22073
50331672 3.14651
67108888 3.16535
100663320 3.28183
125269872 2.13702
