152 0.481323
216 0.407037
280 0.377829
408 0.386948
536 0.391084
792 0.379564
1048 0.377255
1560 0.423957
2072 0.404174
3096 0.394279
4120 0.384819
6168 0.384952
8216 0.377157
12312 0.383922
16408 0.388382
24600 0.413792
32792 0.418001
49176 0.416245
65560 0.420446
98328 0.42434
131096 0.430987
196632 0.442865
262168 0.457147
393240 0.448969
524312 0.468905
786456 0.548592
1048600 0.646405
1572888 1.95593
2097176 2.37454
3145752 2.57807
4194328 2.71371
6291480 2.90256
8388632 2.97823
12582936 2.9969
16777240 3.04863
25165848 3.16032
33554456 3.15287
50331672 3.17656
67108888 3.17121
100663320 2.95771
125269872 2.04604
