152 0.272108
216 0.18667
280 0.288115
408 0.2982
536 0.301165
792 0.299996
1048 0.300861
1560 0.306792
2072 0.310277
3096 0.308246
4120 0.315374
6168 0.313272
8216 0.320608
12312 0.327066
16408 0.325091
24600 0.362114
32792 0.369228
49176 0.371019
65560 0.366103
98328 0.373498
131096 0.384084
196632 0.406801
262168 0.407859
393240 0.425027
524312 0.432972
786456 0.490781
1048600 0.695242
1572888 1.77175
2097176 2.60911
3145752 2.84055
4194328 3.03487
6291480 3.05817
8388632 2.96262
12582936 3.08075
16777240 3.12945
25165848 3.28941
33554456 3.18315
50331672 3.20526
67108888 3.23866
100663320 3.04353
125269872 2.10805
