152 0.317188
216 0.212163
280 0.319353
408 0.322563
536 0.323256
792 0.320609
1048 0.32001
1560 0.322411
2072 0.319722
3096 0.323225
4120 0.328966
6168 0.323935
8216 0.32787
12312 0.336705
16408 0.337806
24600 0.369217
32792 0.377594
49176 0.379426
65560 0.384911
98328 0.38773
131096 0.39485
196632 0.415754
262168 0.427614
393240 0.433171
524312 0.439899
786456 0.494807
1048600 0.792125
1572888 1.91598
2097176 2.56531
3145752 2.74629
4194328 2.79833
6291480 3.12768
8388632 3.18244
12582936 3.09091
16777240 3.15307
25165848 3.29158
33554456 3.22135
50331672 3.20046
67108888 3.05398
100663320 2.81326
125269872 2.02907
