152 4.93687
216 4.7054
280 4.56052
408 4.43839
536 4.37745
792 4.31667
1048 4.28515
1560 4.25484
2072 4.2405
3096 4.22947
4120 4.22735
6168 4.20792
8216 4.20551
12312 4.20307
16408 4.20004
24600 4.20619
32792 4.22992
49176 4.30786
65560 4.32534
98328 5.41204
131096 8.77914
196632 9.69046
262168 7.69961
393240 15.2337
524312 17.5229
786456 17.8159
1048600 18.3221
1572888 18.9572
2097176 17.4142
3145752 18.251
4194328 18.0843
6291480 18.8714
8388632 18.842
12582936 17.897
16777240 18.1699
25165848 17.0809
33554456 17.3479
50331672 17.9616
67108888 18.3159
100663320 13.1944
125269872 
