140 5.8002
204 5.51829
268 5.37125
396 5.24981
524 5.16784
780 5.11422
1036 5.14556
1548 5.14526
2060 5.19558
3084 5.29424
4108 5.33392
6156 5.37159
8204 5.4354
12300 5.43868
16396 5.60958
24588 5.66584
32780 5.62099
49164 5.80608
65548 5.99892
98316 6.13249
131084 6.40318
196620 7.62426
262156 9.9629
393228 15.16
524300 17.4019
786444 16.7695
1048588 16.1911
1572876 15.7463
2097164 16.1342
3145740 15.964
4194316 16.4259
6291468 19.084
8388620 18.9966
12582924 18.234
16777228 15.8686
25165836 17.9371
33554444 15.1943
50331660 16.6438
67108876 19.2625
78643196 12.4132
