140 4.9862
204 4.71961
268 4.59137
396 4.46107
524 4.40323
780 4.34901
1036 4.2839
1548 4.26621
2060 4.2424
3084 4.23605
4108 4.22119
6156 4.21392
8204 4.2123
12300 4.20404
16396 4.20769
24588 4.22711
32780 4.28591
49164 4.48293
65548 4.60532
98316 4.76515
131084 5.80203
196620 6.61932
262156 7.18617
393228 12.5367
524300 14.6331
786444 16.1882
1048588 16.6963
1572876 15.7107
2097164 16.4027
3145740 16.084
4194316 16.444
6291468 17.4369
8388620 16.2775
12582924 15.2948
16777228 17.6982
25165836 18.6496
33554444 16.6406
50331660 16.7714
67108876 13.816
78643196 11.2448
