152 0.524958
216 0.463416
280 0.435562
408 0.401334
536 0.39703
792 0.382753
1048 0.387333
1560 0.428765
2072 0.406755
3096 0.391498
4120 0.39489
6168 0.390553
8216 0.382339
12312 0.377879
16408 0.384367
24600 0.409019
32792 0.408097
49176 0.409349
65560 0.41629
98328 0.412635
131096 0.418932
196632 0.422048
262168 0.429826
393240 0.434667
524312 0.436616
786456 0.496753
1048600 0.586115
1572888 1.64687
2097176 2.14928
3145752 2.464
4194328 2.60327
6291480 2.71902
8388632 2.76841
12582936 2.74025
16777240 2.84459
25165848 2.86982
33554456 2.91746
50331672 2.87794
67108888 2.82633
100663320 2.67643
125269872 2.17042
