152 0.500654
216 0.436293
280 0.406856
408 0.381087
536 0.376083
792 0.371344
1048 0.375586
1560 0.421265
2072 0.396853
3096 0.385635
4120 0.380063
6168 0.377822
8216 0.375823
12312 0.371695
16408 0.37562
24600 0.394184
32792 0.402741
49176 0.406993
65560 0.402731
98328 0.404706
131096 0.412388
196632 0.420594
262168 0.424305
393240 0.425001
524312 0.424551
786456 0.506657
1048600 0.59886
1572888 1.7608
2097176 2.19186
3145752 2.47222
4194328 2.60633
6291480 2.71357
8388632 2.78703
12582936 2.8668
16777240 2.91521
25165848 2.89656
33554456 2.91632
50331672 2.88987
67108888 2.75583
100663320 2.70216
125269872 2.21894
