152 0.228395
216 0.15853
280 0.226277
408 0.222507
536 0.221693
792 0.219616
1048 0.212283
1560 0.21873
2072 0.215856
3096 0.219976
4120 0.220095
6168 0.218754
8216 0.22485
12312 0.229513
16408 0.232611
24600 0.267177
32792 0.278271
49176 0.288997
65560 0.289209
98328 0.301481
131096 0.318039
196632 0.341744
262168 0.36564
393240 0.388941
524312 0.398335
786456 0.462523
1048600 0.77034
1572888 1.86482
2097176 2.40533
3145752 3.18529
4194328 3.01554
6291480 3.05117
8388632 3.0497
12582936 3.15817
16777240 3.12809
25165848 3.09789
33554456 3.03056
50331672 3.17915
67108888 3.37877
100663320 3.27462
125269872 2.34388
