152 0.242448
216 0.169458
280 0.236812
408 0.227941
536 0.223148
792 0.21767
1048 0.221723
1560 0.220484
2072 0.227765
3096 0.222253
4120 0.242449
6168 0.220111
8216 0.230187
12312 0.234941
16408 0.234654
24600 0.277354
32792 0.290519
49176 0.288092
65560 0.304913
98328 0.303472
131096 0.325905
196632 0.352921
262168 0.377729
393240 0.38333
524312 0.373759
786456 0.45946
1048600 0.625882
1572888 1.83109
2097176 2.58653
3145752 2.94479
4194328 3.2413
6291480 3.08316
8388632 3.20221
12582936 3.15262
16777240 3.18823
25165848 3.17856
33554456 3.25006
50331672 3.28041
67108888 3.28962
100663320 3.18898
125269872 2.22205
