152 0.297906
216 0.203682
280 0.315616
408 0.314475
536 0.311385
792 0.313856
1048 0.315264
1560 0.325357
2072 0.320873
3096 0.324137
4120 0.325535
6168 0.324066
8216 0.327053
12312 0.327819
16408 0.32809
24600 0.361774
32792 0.36588
49176 0.375269
65560 0.376832
98328 0.384872
131096 0.394164
196632 0.407019
262168 0.415464
393240 0.419534
524312 0.43198
786456 0.494351
1048600 0.660472
1572888 1.72055
2097176 2.19904
3145752 2.48141
4194328 2.60841
6291480 2.71349
8388632 2.76846
12582936 2.81517
16777240 2.83751
25165848 2.86367
33554456 2.90696
50331672 3.01139
67108888 2.9911
100663320 2.89342
125269872 2.10732
