152 0.260825
216 0.174401
280 0.268093
408 0.276585
536 0.283364
792 0.296098
1048 0.298171
1560 0.305434
2072 0.304375
3096 0.307423
4120 0.311368
6168 0.312754
8216 0.31603
12312 0.316497
16408 0.317239
24600 0.352839
32792 0.35676
49176 0.353784
65560 0.363253
98328 0.373687
131096 0.382113
196632 0.395456
262168 0.405962
393240 0.411166
524312 0.420808
786456 0.476428
1048600 0.60538
1572888 1.71054
2097176 2.191
3145752 2.48095
4194328 2.60391
6291480 2.71465
8388632 2.77393
12582936 2.77825
16777240 2.57616
25165848 2.72157
33554456 2.83098
50331672 2.87136
67108888 2.86986
100663320 2.66863
125269872 2.3616
